{
  "advancedEditorSelectedIdentifier" : "ProjectBrowser",
  "openSceneRelativePaths" : [
    "Scene.usda",
    "StarScene.usda"
  ],
  "recentIdentifiers" : {
    "D66134B1-3681-4A8E-AFE5-29F257229F3B" : [

    ]
  },
  "sceneCameraHistory" : {
    "D66134B1-3681-4A8E-AFE5-29F257229F3B" : [
      {
        "date" : 751176381.990301,
        "title" : "Untitled",
        "transform" : [
          0.9886381,
          1.6283948e-05,
          0.1503156,
          0,
          -0.027158435,
          0.98356193,
          0.17851672,
          0,
          -0.1478418,
          -0.18057077,
          0.97238725,
          0,
          -0.2763101,
          0.5178828,
          3.0912786,
          1
        ]
      },
      {
        "date" : 751176364.358544,
        "title" : "Untitled",
        "transform" : [
          0.90735686,
          -2.5954456e-09,
          0.42036134,
          0,
          -0.2724996,
          0.76142675,
          0.58819485,
          0,
          -0.3200744,
          -0.6482509,
          0.6908857,
          0,
          -0.15002857,
          -2.9573674,
          2.8347988,
          1
        ]
      },
      {
        "date" : 751175761.846983,
        "title" : "Untitled",
        "transform" : [
          0.99976456,
          2.1462343e-10,
          0.021699682,
          0,
          -0.0030827406,
          0.98985755,
          0.14203042,
          0,
          -0.021479595,
          -0.14206387,
          0.9896244,
          0,
          -0.090423584,
          0.632547,
          -0.29307532,
          1
        ]
      },
      {
        "date" : 751175663.010091,
        "title" : "Untitled",
        "transform" : [
          0.9998472,
          2.8415378e-10,
          -0.017483061,
          0,
          -0.0011339457,
          0.99789447,
          -0.06484975,
          0,
          0.017446244,
          0.06485965,
          0.9977419,
          0,
          -0.0040094852,
          1.0916998,
          -0.29386592,
          1
        ]
      },
      {
        "date" : 751175634.196277,
        "title" : "Untitled",
        "transform" : [
          0.99995965,
          3.033428e-10,
          0.008987529,
          0,
          -0.0016098035,
          0.9838281,
          0.17910802,
          0,
          -0.008842186,
          -0.17911527,
          0.9837884,
          0,
          -0.06478071,
          0.51684463,
          -0.0514071,
          1
        ]
      },
      {
        "date" : 751131259.059065,
        "title" : "Untitled",
        "transform" : [
          0.9999984,
          3.5377573e-10,
          0.0018220963,
          0,
          0.00043201944,
          0.9714852,
          -0.23710002,
          0,
          -0.0017701405,
          0.23710036,
          0.9714836,
          0,
          -0.046509624,
          1.4632154,
          -0.48475552,
          1
        ]
      },
      {
        "date" : 751131254.356172,
        "title" : "Untitled",
        "transform" : [
          0.9999984,
          3.5377573e-10,
          0.0018220963,
          0,
          0.00043201944,
          0.9714852,
          -0.23710002,
          0,
          -0.0017701405,
          0.23710036,
          0.9714836,
          0,
          0.26195896,
          1.3006411,
          -0.4445157,
          1
        ]
      },
      {
        "date" : 751130939.768876,
        "title" : "Untitled",
        "transform" : [
          0.9999984,
          3.5377573e-10,
          0.0018220963,
          0,
          0.00043201944,
          0.9714852,
          -0.23710002,
          0,
          -0.0017701405,
          0.23710036,
          0.9714836,
          0,
          -0.20393836,
          1.6192455,
          -0.5231223,
          1
        ]
      },
      {
        "date" : 751130376.672495,
        "title" : "Untitled",
        "transform" : [
          0.9999984,
          3.5377573e-10,
          0.0018220963,
          0,
          0.00043201944,
          0.9714852,
          -0.23710002,
          0,
          -0.0017701405,
          0.23710036,
          0.9714836,
          0,
          0.12288819,
          1.4745154,
          -0.50538254,
          1
        ]
      },
      {
        "date" : 751130372.216512,
        "title" : "Untitled",
        "transform" : [
          0.9996583,
          3.559999e-10,
          -0.026141053,
          0,
          -0.004478527,
          0.98521525,
          -0.17126302,
          0,
          0.02575456,
          0.17132153,
          0.9848785,
          0,
          0.29406303,
          1.0654399,
          -0.42208004,
          1
        ]
      }
    ]
  },
  "sceneViewportBackgroundColors" : {

  },
  "selectedSceneRelativePath" : "Scene.usda"
}